[app/ui]
version = 4.2.4
modtime = 1327354322.359690000

[app/launcher]
version = 4.2.4
modtime = 1327354322.361387000
